Method: cmg_level_3
Nodes: 236
Edges: 645
Fiedler_value: -0.00000000
Spectral_gap: 0.00000000
Eigenvalues: -2.4453441076421107e-16,-2.240957405155872e-16,2.808301844738482e-17,7.573585045878078e-17,1.9326983844845746e-16,2.8501789616913104e-16,3.9117044605631347e-16,0.3679472403110105,0.43871361367784756,0.5116937402420639
