Method: lamg_reduce_2
Nodes: 1169
Edges: 3938
Fiedler_value: 0.00000000
Spectral_gap: 0.00000000
Eigenvalues: 1.494248683476194e-17,1.1359961276927955e-16,1.9318957722798855e-16,0.013411051914581928,0.017198939531278663,0.02645229734528679,0.029552790276477617,0.03564722376024115,0.03711290127777195,0.038886627333071244
