Method: lamg_reduce_6
Nodes: 218
Edges: 979
Fiedler_value: 0.00000000
Spectral_gap: 0.00000000
Eigenvalues: -1.584605041448044e-17,1.918873252309421e-17,4.591129650279632e-16,0.06782300983211338,0.09304962800755234,0.1029394094632698,0.125681450549571,0.13855140839794655,0.14801843385948812,0.1795115955289289
