Method: cmg_level_2
Nodes: 392
Edges: 1203
Fiedler_value: -0.00000000
Spectral_gap: 0.00000000
Eigenvalues: -3.092727917973388e-16,-1.398946748323449e-16,-3.6661605818666266e-17,-1.8625629971451855e-17,1.0041441888540734e-17,4.7424870205777356e-17,1.1346580122211553e-16,1.5379903901648772e-16,1.8865909667542803e-16,2.536516314319609e-16
