Method: lamg_reduce_3
Nodes: 519
Edges: 1985
Fiedler_value: -0.00000000
Spectral_gap: 0.02421655
Eigenvalues: -2.1255591603074616e-16,-1.0375525091244736e-16,0.02421655333713092,0.03502182642603162,0.043873697925846895,0.06028288739758499,0.06862679738719929,0.07237669918347334,0.08942942046934445,0.09324464733498775
